1544457865821519
1637752949814201
921602617911054
1615130882082171
1017158235003614
1447953992173998
1158653834150857
154971118170096
127236877612896
1610460735874450
751534211658456
858797940873012
1478870822403540
401220473406281
1502757260016782
1605601786341661
1614318535502536
1643691452537205
1175499522475995
1204653732884779
933922756628032
702192343245266
927940910582881
1637216736517211
536244303196450
840977716009520
1633532463591139
1180939601932454
761946753936054
863837443706882
1898089840417216
473682342796267
1634637593451042
559154134225270
768763973231955
900222750024737
1032035870141331
716828245087754
450656391795628
1406413713022503
390920694449110
447826915425804
740374362757430
488840541279267
1661728610731420
1492131274414810
1624608761119548
510730825758930
485382308310650
425679280950410
476437225852472
755714537905810
1643216012561920
1539606056303989
1474565066177902
1645856202365768
902477259843825
1459910874337434
1434195600243924
1646176778963344
451937294990532
882608101832531
831438053596968
430504683821330
451508925054587
502343676591708
1770363473190980
835588009862475
1038876669485964
889237051169682
307492632708363
1488918031419008
1695314860700864
1661675920734286
581299615341386
941795642532991
1453620358277763
1524417257850544
1602842836635908
1683097811922823
468242003357326
781421548647146
156825604516449
450233138482437
1576262552649750
142192386128819
127268464283661
495216313978226
830522430335473
506099482892106
974980799199624
718337191611352
1151074494909949
643855145717386
715916201875471
1164778303539237
921584707902109
1500548326925081
452116758293607
1467273026932041
763722297087423
1605031969762046
652336841510051
1644140499133473
1091254810899838
455424397978406
1493375344289773
1471558793139941
312097028914686
496368697230148
676274612504795
487538534734402
1619078248360626
1706103719622949
1611786199065766
342131335861823
1475361966102663
1125693777455995
1470061216631652
740217676098456
621348104636322
478744922285888
476624895836500
775729882535886
522706627887896
1618986478374833
1654822534801554
342640562603168
1649533805265040
484464081716420
1000152556671669
481672575334146
894175477323971
916476921744728
498816493609778
950640031660630
1633012530288562
918861844860618
1482307238732104
1633279513599379
994781637240235
1064823660210935
857687994326933
125201254499460
523649707811014
964539310270610
113527062322493
175192772815786
907695125966290
1035204726511677
897563666992513
1693790774166686
1387257731575714
945307895489464
750257761769312
1639645129654487
1667604376789056
170478939955508
1656952311195245
413820962134432
1021544844543477
1499210223731646
617982861677596
145839405764171
442315179282500
1706090086286459
1618016978471803
110776002597637
1620566041517878
1655504094666300
1012414408825524
398824273650902
1633022733577338
1481950262117997
440380242835425
1479797645647333
435709523277320
1622639221337136
1644303425809100
428638747342660
1910205409205520
866927000027529
1487947901501401
1627285514221177
169389443397779
951722198193261
595764137233292
1509893462635374
569009646590206
1647936505444420
355576141306442
968094646566203
493339730843197
505378472971399
1636274499956293
1456862944638203
937730129636092
1208178879208261
384078235123278
424967514352909
313266285463971
471418816362587
456445314543083
1642271289377304
1608353262764918
890093064395856
468498869999547
691792787618761
920187258072371
1652677854953073
846628102047968
1624361934504321
1578756659037669
145205612484502
1144236632257124
1502953203277500
1445980029065398
1069172413101797
902992226459545
1015521925147370
943729779017139
1671809743035904
1538528336388445
994313110632226
387700178092971
897179177002581
946984968677721
1633526350209937
696326517178147
929112553797583
1419921911643150
1554848458130307
390622524470133
1605789369691458
105697343117841
1630359620531137
1641581049456957
1651076435167405
1628893587348711
1620172078243168
143709579304893
1612176802353665
880857425336894
878145118907276
1490187861306481
1067337783277633
152438355101184
449997025173318
503129853183513
905285782877090
463009473858806
1410667642574959
1638109539739209
429417483909830
1390895404548382
1471760176460829
1609697115951099
1589147164675138
982715408428187
452861164839019
1489671747995564
1024480737596800
411750452325410
1644602505822861
514443435387026
1132221216804718
1653233311626443
1003056696411859
1004366552959596
925070237560052
428378630683530
1589943887938068
1592487597668036
848672468548039
1625852017630335
457740557761466
1653099031571094
503615406465631
1004676099597380
1003596036326437
1491306464523573
1480497048911892
896292273795374
1004814539533190
1054433807922376
335587823303799
668959936581769
1488301328153132
1523901781191859
1687713214791359
730913990364087
973670519312965
328022050734279
1604429273144006
1660695284142388
1476654705982439
763253300452477
844203129009505
903973096307485
836094009838130
969757183087867
992626587425973
1038574969499835
1486025021712261
396277590562833
137284949947852
291211541077968
393226000876575
1104676056214698
1486289528331081
876897345730253
1669509916601189
175757609425506
905263026188244
803907782994740
506500356197475
1037655446247923
112156515796337
100192290338609
103358646689705
